A,	65	1000	87
B,	66	1088	207
C,	67	1296	150
D,	68	1447	153
E,	69	1601	147
F,	70	1749	132
G,	71	1882	165
H,	72	2048	162
I,	73	2211	72
J,	74	2284	111
K,	75	2396	162
L,	76	2559	99
M,	77	2659	147
N,	78	2807	123
O,	79	2931	156
P,	80	3088	147
Q,	81	3236	186
R,	82	3423	183
S,	83	3607	159
T,	84	3767	114
U,	85	3882	165
V,	86	4048	90
W,	87	4139	120
X,	88	4260	159
Y,	89	4420	135
Z,	90	4556	78
		
a,	97	4635	234
b,	98	4870	171
c,	99	5042	138
d,	100	5181	198
e,	101	5380	159
f,	102	5540	135
g,	103	5676	315
h,	104	5992	171
i,	105	6164	126
j,	106	6291	138
k,	107	6430	147
l,	108	6578	69
m,	109	6648	267
n,	110	6916	186
o,	111	7103	141
p,	112	7245	186
q,	113	7432	177
r,	114	7610	132
s,	115	7743	177
t,	116	7921	102
u,	117	8024	168
v,	118	8193	90
w,	119	8284	144
x,	120	8429	159
y,	121	8589	123
z,	122	8713	87
	
0,	48	8801	171
1,	49	8973	75
2,	50	9049	123
3,	51	9173	231
4,	52	9405	69
5,	53	9475	171
6,	54	9647	177
7,	55	9825	69
8,	56	9895	273
9,	57	10169	171
	
33,	!	10341	93
34,	"	10435	81
35,	#	10517	129
36,	$	10647	234
37,	%	10882	306
38,	&	11189	315
39,	'	11505	39
40,	(	11545	69
41,	)	11615	69
42,	*	11685	201
43,	+	11887	54
44,	,	11942	69
45,	-	12012	24
46,	.	12037	60
47,	/	12098	24
58,	:	12123	81
59,	;	12205	111
60,	<	12317	42
61,	=	12360	45
62,	>	12406	42
63,	?	12449	159
64,	@	12609	324
91,	[	12934	48
92,	\	12983	24
93,	]	13008	48
94,	^	13057	36
95,	_	13094	24
96, `	13119	39
123, {	13159	177
124, |	13337	18
125, }	13356	177
126, ~	13534	84
13619